10 10 10
1 1
514
4.526509436856845 0.6191937527993874 2.987857685731914
3.9295085111467243 -0.16841372786013054 2.452881494016177
-3.6797405559731744 -2.2203506893176206 4.028084883366326
-2.1843291440320023 -2.3192239754576915 4.925723013826488
3.6381440218816574 -0.7105990547857677 2.8297716035124254
2.3466385606395113 -1.6527782295498672 1.2277322579177752
0.39165169394588695 -4.992668529290767 -2.2815086709837717
-4.137677756578326 -3.5348469483398004 -3.219654420338167
-4.696147368104365 -1.5994471435043112 4.822915400106194
4.8226730109150395 2.0890935765372842 -1.2000403586439257
1.3102036235541337 1.744531897810484 4.351183037535213
-2.1830999299725695 4.013340779396868 1.6295242639550578
-4.608078873665303 4.13523589442333 -4.846031814128507
2.7259888495037 -0.8049587283132165 1.7284226537349157
-4.28518672897543 2.3193276169388777 -4.052418836778431
2.403825663859951 4.474723745488037 -2.459243470529544
0.6703247255021783 3.0636216621445778 -4.078658480084451
-0.6851724183422037 -2.8055009161767286 -1.4134096468974056
-2.6630230611880457 4.340707730115961 -1.3058107608497327
3.357527723978966 1.8499352234744082 1.768503002502535
4.89822983495708 2.2836314622906895 -0.10473462631637398
1.8716995828004435 3.076687868802146 -0.1041840135254013
-4.37336845504084 -2.625326730392925 -3.0798922576728893
4.812983231885079 -0.324834893716599 0.21785978713458665
4.672927882567446 -4.717521122506851 2.92843965079405
-4.6414878737141585 2.143455096618323 -4.365603105123206
-4.936539346863674 -4.297319648914115 -4.910916005516601
-3.6410818181500137 0.13131933204144852 -3.9664545847254318
-1.19437817358365 -3.498414319892358 -2.117671897471154
-1.7714712157771073 -2.2723753809245673 -3.641106832145553
2.6720376475192653 -2.2194771398643076 -3.029734263090176
3.2383592786375304 0.3608136329134837 1.9642840771716052
-3.422553450429242 -1.3059320825793908 4.498272565385816
-0.3978599961860274 0.541628651165651 2.39641102650076
4.891438250126569 -1.911873745559589 3.9325432041884856
3.798174013389526 0.35653895100905775 -4.174962653670963
-0.755602193127054 -4.742286805154867 -4.375752928685673
-2.071259899054496 -4.684433578097451 -1.1804352553357123
-4.233698275388431 0.7590340134572915 -1.9435813333503704
2.7558506832472185 3.0996409427415927 -2.550111751136084
-4.398187405783327 -3.8157925775279633 4.682996155946237
2.63777871711107 -1.5160102521577379 4.673980982360398
0.07334135223993288 -3.679046222987725 3.3992596466167613
0.11151408372570115 4.335004962749414 2.9379542501767375
-1.8666548003707817 -0.1730634245700502 1.8501430981714795
1.3456075952523183 -2.835070815570393 -4.198837868812923
-2.542649372371335 -0.8083841151488613 0.5906854324238786
0.3220289034506063 2.1729286783725654 -2.4579292603201974
2.5302078875885115 -0.3932107043326294 4.619747714192892
3.144416007335744 4.909467527513181 1.2194176898279796
1.9936356766345464 -0.20350534955082766 2.5374055337752477
4.176475186064095 -0.24119695742164105 -1.072851458138444
0.9757405781633777 -0.09001552243674604 -0.5709104790998087
-1.588294079872774 0.18638329089127215 1.9344250955069842
1.817405949234272 1.7825301859202525 3.7501762954040996
4.484911856428453 4.191850394104939 4.402527702833343
-1.5189847214980023 -2.2327972227095727 -4.291685754869783
1.9924329591697498 4.16556393496151 -3.4271354140733967
-4.633854870927749 -2.688156244356905 -3.8344285653170984
-3.4455096665664753 -4.270734597403203 2.175886048119926
1.9381261827463336 1.7337950053625129 -3.090551881489181
-3.6588564569271242 -0.6200356661416118 -4.0270134312345345
-1.1413192283285323 0.8981393876983867 4.075244797381272
-3.6979384721688158 2.2246187271515017 1.831577081562925
2.5586915096480833 -0.027738174255893533 -2.3490977422943926
0.8400400406313135 3.592565123216056 3.9815493467205743
-4.206936162223361 0.9246699793497082 3.325324462605286
-4.09498770895839 3.6384715101798704 0.8908574131822244
-3.6551756713366856 0.9859444835095421 2.5421398611157953
-4.122675292367712 -2.1421031733847773 0.8289728052625045
0.11855765758512993 -3.3868107223677835 -2.158285514526017
1.5004203077535894 -1.1644774074672126 -3.7966777636182014
-1.1838422840855212 2.043940774975803 -0.7812908379599981
4.922366299138572 0.39962664141453885 1.9005987263198976
4.236205625043501 2.6165218566560555 -1.976593267465665
-2.3657503121279633 -2.5703952450694945 0.40741916373524756
1.0630180659499788 4.799299144727975 4.068350241510665
0.015484777387273496 -1.3963887653568219 -3.8885489091316017
-1.6289996054421008 -3.287850162366057 -0.8478604637680576
-3.2441873223242457 4.827737497084772 2.471366413553324
1.3810180478655898 3.001576442217455 0.34297335561861875
4.439967524839627 -1.8679354654159064 4.689917981304557
-2.7226584291740674 -2.069159106959002 2.72401417124285
-1.9300368420114067 0.3193044803546319 4.60453772619023
-0.7967387589709629 -0.3863872197376339 3.881708378296256
1.210676486278759 1.537947981326635 3.83579851735272
-2.5881463623384393 -0.05400463439596104 1.8425630593819076
4.83112831644293 4.907502723649957 -2.1759148767267344
3.324871514771097 -2.8964237470110588 -3.702385714343246
-2.3435517359631297 2.0090685335131298 -0.7418816051068955
-0.7336608164190173 4.883261906053466 -2.1594860008406846
1.4278698769439746 -4.744597772594514 4.7117571281492765
4.86011983121005 -0.34630721508150497 -1.9797292067806316
-4.797254506202206 3.3968301051255145 -4.280759386379809
-4.695556446245388 3.724933615760424 4.451167776201872
3.8396999840069546 2.6640115284342514 -1.850131196625866
-2.1220053860937593 0.7277888603571236 1.7134433277863015
3.2253812808878513 -3.208638035739495 2.124848706572653
-1.1137819627347612 0.9172824136150437 0.909052357362552
-1.8615599703113017 -2.4910336399781174 -4.441830971466367
0.8710275228939479 2.7105061588650203 4.737590152792846
-2.1192425974620366 2.3385096116341053 1.728318176977932
1.4914020234773817 3.570390723004191 -4.328176470116423
-2.111083848274311 -0.8974335261034283 -1.3079172444457776
-1.873559469612367 1.348853912400061 3.6686351121912697
3.139695744274451 0.5752188116330315 1.9547640384391785
4.633302438008771 -2.865377132781728 0.47752192321307785
2.6525093086517226 4.516849203495803 -4.856840130290923
3.750135973299764 -3.173533913590192 2.590081750226061
-2.6525416197629914 1.441379015747526 2.5665585384203338
-2.605969495566842 -4.845454697331524 3.406821384773604
4.36216978082726 0.16240446226807537 4.609686869689669
0.6830118751947123 -2.0682130174130564 3.981404600727443
1.316534352173977 2.470307328726986 -3.0298624332115165
-3.7816756107674965 0.2916832741279407 0.6849647025099426
-3.3512661010490508 4.138987447527221 -1.4647047535817004
3.891724724475878 3.9856331011155177 -1.5485437309777494
4.199899834773189 -0.3393152143853029 -2.0679296932230096
2.552725062819965 4.0458851203821355 -2.0421988635876698
-3.8815645103259033 3.722370305681517 0.637315901621851
4.354009183226946 -0.8667241460136399 -3.777746437338927
-4.148375525675149 1.757078946032633 3.0777984484474397
1.9311187573190947 3.3367701378037307 -1.5392682114100809
1.6329957742321377 -2.990546514499841 -4.003956896472005
-1.6079980281339012 3.5577208768835833 0.5036902480521377
0.8124372513581646 -0.8382899191430715 -0.05130230954852211
-2.030081338557086 -4.1091070864247055 2.13124266022108
-2.1201814246754025 1.5375713650926448 -2.260607887199384
3.6568347328372575 4.727046939229432 0.7088157102972481
0.20083419051827534 -3.073649227991997 -0.01123452670738434
1.7474864532894285 -4.162968665333122 3.097392872924465
3.8727405341804078 -4.081908185331793 -3.9507330280200725
3.6663780386021916 -4.979505802008628 -4.3913521487947715
-2.984801249034217 -1.1473520163653883 2.2742413499173297
-0.6257310910660596 -4.411868030196477 1.5236387027145182
-1.5791368502399972 -1.1939733382869355 -4.813054566240293
3.386600851451429 3.466159155377404 -1.7684228871838337
-1.5166165531751052 -1.197245815720147 -3.983250695995717
0.6451879993725318 -4.589807391104448 3.002653526383303
3.913136881079491 1.4436394536107633 2.723683739930327
2.313824717261297 -3.6185582081205747 -4.0385752870852665
1.1077721770988846 -4.598804048688758 1.9126727008561106
-2.0102227189235733 -3.275726063377238 0.22847878493094553
-4.9080208891251775 -3.9358143660151956 -4.183491405494042
-1.1124057492163741 -3.5859652454097257 2.48013969880591
2.169922798681263 3.197998819805028 3.694115545428893
-3.7424585991757175 1.487152989482663 -3.0739573043393364
-4.275466772656853 2.590274669005357 2.673128939589211
0.14057579319837643 3.355568135465876 2.3211263729509546
-1.4269647469927826 1.1263830603866776 1.653382371987877
-4.636510313567368 3.33663757175801 -1.428126658645843
-3.337332436159408 3.251187367606574 2.4099245858699003
4.40181090563496 0.436287849251793 -1.7684374319180307
-2.7626682778667977 4.740184036304331 0.9085790410927408
2.4933431381824533 3.8448283587657506 4.916809352140175
0.9258467331542963 -0.47826635802298956 -2.5181700476495417
-2.5307506905102684 2.6476773781407204 0.8376615191882286
1.296436747181513 -4.041479617440487 4.601028321494733
2.8849400794256086 -4.063488040512004 -2.6235522192087912
3.423255665938991 0.9973912825098319 4.575538314097496
-3.862254090875219 -3.4616365312139386 -3.9166425076385236
-0.31951392520318755 1.2175726297324085 1.4707378175745367
-4.007825684173674 -0.18162038364457178 -2.891256400543627
0.6134364059556652 -3.4099893878012444 -2.2346259570070326
-4.661716935959035 0.7988379619333963 -1.7118778407350543
-2.799675501698722 -2.980844528473703 -2.5266072679901552
-0.5871015968793136 -0.262402040506573 2.525382978316326
3.59077976090475 -1.3698276521530572 -3.00389682823488
0.44016110106098294 2.5434440060394325 -4.897269862823301
2.5997924860638277 0.3916422005848208 -2.1811330289127584
3.386705017700089 -2.34035032545429 4.0132342952855815
0.3425497865282612 -0.08761158343661313 -0.022857736631571868
1.0298736065765923 -1.518040019645932 0.18744740493583878
-0.24439377562754272 1.6427556774519148 2.7737487326113963
-4.004412347214494 1.635593732968137 0.08894348002443264
1.48161596829812 -1.2599879871853803 -0.6395034959871304
2.5762509644452902 4.194588983422943 -1.5326184671381093
2.7809243862285804 -4.4760589925277205 -2.6264155348460583
3.34409820006498 -2.242193595709532 -4.256816506301675
-4.733557313210626 0.51374029809242 3.324476922571118
0.7764420465856992 1.4486669187124113 2.056130777756522
0.25130104200919545 -1.5818030885471313 -4.747237155252531
-4.0496262457320835 1.9434186067646975 -0.7052865419657461
0.8719400055179172 -0.1597613082584881 2.2794846812035963
-2.9773235951592825 -2.508389100760633 -3.2541178132103177
-3.9633523954925542 3.141919254975143 0.07901106441835504
3.310897977376843 -4.560534518537023 0.23462218006278235
-1.681970536287365 -3.5279977723604716 1.4694843662744939
0.5483186907388249 -2.2635717056529003 -4.707609641039648
0.854028261630071 2.089920226135933 4.50039962033232
-1.2348042110007817 0.916973371921892 -2.3328284017585665
4.30919318194772 1.047190655256307 1.1816798656604721
1.6534015384311784 0.7607544756702467 -1.1854203392213036
-0.7257656766624065 1.6259272644503198 0.353479748459955
1.5609926329707013 0.41230755138723874 -1.476007144396605
-4.8867025116096645 2.2055839032504476 -3.3237355180280215
1.5460147943791314 -3.0544975553463427 2.1469856829897394
-1.2844123311824363 -4.855805736287042 -4.411053267593661
-4.570559233595677 -3.5936067908704605 -4.583303759202875
-0.8549842018875742 -4.336324407279593 3.771861318651315
2.683717258156102 -2.1068138714396656 -1.7819990367945393
1.4319857808198 -3.6948432418132793 2.706864180693651
1.834484687220026 1.2473201208118234 -2.9778838024474075
-0.9728469923308314 -1.1959025741294105 -3.7838469755481507
-1.4973257113211114 2.944416468556752 -4.78867698629961
-3.077856305808895 0.5314036913950915 3.8170985742462626
-1.2929472942122189 -1.3766909969695984 -0.11998713579300047
3.51066467329451 3.0967574308375445 -0.6576484735053145
0.2573420432273288 3.235031643087196 -1.6782700954537577
-2.015987878038026 2.8823325813008127 0.20211339232352632
2.709528849085876 -4.053315705138399 -1.764083431488499
-2.042747729604686 -4.7631548370829435 -0.6564877807053437
3.531990886165315 4.302795359334583 4.383725842721464
4.726067664508786 0.5384584792885794 4.283737639942284
2.27338415723082 2.641468737350885 3.388530831195391
0.0872499826793649 2.4731706633769868 3.5725115524695394
-1.6339252048193242 -2.6946536155594125 0.7865047131395198
3.4751122808682844 3.87094460334368 4.272699163110745
-2.39097559497911 1.7667865872778732 -0.9691327402727024
0.3040400788184572 -0.07103488390890034 -1.892445430072618
2.796480610064085 2.571035967182962 1.5841682943672586
-3.38039368314641 -4.269261866339347 4.263447331728109
-0.7234053922830452 4.021493674608254 -3.880963813614413
1.5481679046316144 3.6042838136734856 -1.8403242015409749
1.0618628167328081 2.749940220567284 1.721713474730766
3.4966536795939995 4.412826920872521 -2.9253839123625758
3.835976309360767 3.5762560955926226 -4.8328003381549856
-1.157617878205246 -3.467198306902861 -3.261155589068241
4.912776902687341 -0.4905013636933919 3.312491599823868
4.530095254411939 2.2185547649728576 -4.688796639596921
0.027263460487336744 -4.503310267128566 2.140432870046076
1.5537918998258449 -3.8783931092623214 2.915387683650257
-0.025998757897798264 1.0865666631323045 -4.420999389412065
-3.808390444547023 3.5161147001941706 3.165322642494235
-2.951721849878308 -3.652298711678883 -1.2763232044257045
-1.790351880178056 4.600330557395605 3.3374982449269286
-1.9538433230033814 -1.136148002087396 1.0297128059970229
3.84686840139429 2.2036799802425078 4.641073555090982
-4.182821091692048 3.4715655212490426 3.3537842050836875
2.0442172573690343 3.5154816156245405 -0.08375040981485782
0.48884649134912417 4.475791472002795 2.895187977899243
0.49504244767777816 -2.1970343522832914 3.4566272192925074
0.005446819689320925 -3.0375857167720177 3.037096856294359
-0.1445418418769262 1.3743532582520301 -0.7214144481621187
0.18124257224319207 3.9394069367484508 -0.4277299835232906
1.0824251658067974 -0.2029841185718051 -3.1050326582980703
-3.9391346955520845 -2.407850725842735 -2.920902463189776
-1.1448775705742098 -4.595486680876522 2.3418400580821164
-0.08731389222017549 0.11957916080886033 -0.3780513600495361
-0.8243612958035795 -3.8067066565554053 -3.2930965728280848
2.63879294833826 1.869250870766872 2.2348044318267157
-3.641381020797634 -2.834880740324095 -1.6768893565887732
-3.7372109192639558 -4.041729654243054 -1.9117194794574144
3.2996124215282574 -4.009912599869709 2.534785334781484
-4.05338435665652 3.3492291597516943 -1.0042838202927684
3.5008673854600025 3.0153947458339814 4.571822740382996
-3.61616923768205 4.403063289424831 -0.585996344942985
0.8275605244801332 0.3200989117911113 -1.3937041102966785
-2.4298672859730663 -2.5984977144283627 1.9909343788109357
-3.488994049194689 -4.585104441393084 -4.651548690853657
1.115262056562858 -3.1547537662450464 3.1360058671546187
2.159496882179941 0.26630387556609625 0.06506405863965226
-1.3397665564673722 -4.285060398600513 -2.132439582671364
2.170249133694837 -0.16717610243720316 -3.8967027513647112
-0.8690845301571359 -4.6868783329609 3.0151375241346545
-2.253584249509115 -0.5680215635990749 -0.17067515940781375
1.2696619812914833 1.7522304876668637 -3.685666108537342
1.875535536040649 3.2542863623733598 3.600409922207466
0.6116873063031014 0.9394118728194223 -3.0783615699707556
3.871070491805415 2.792931894500714 3.2855307333135886
-0.15021987600885023 -4.428778110808307 -3.771075691077921
-3.9477908098043146 -1.7801769451888094 2.4536072756288974
-1.9467644274980622 4.953781432545328 1.163894148546607
4.870597867801139 -0.7542037319727557 0.4576898909271421
1.9227472983468719 -1.2334533273858561 2.7704669149621353
-1.4836156530451161 -4.428536210742027 0.9634361232030431
3.7446752648529746 -1.0515211411984104 3.1883197060869484
4.381290993830504 -2.310480093710814 0.6109512991559285
4.666188042862589 -1.7064605069927374 -4.815074616937885
-2.9211015728097567 -0.28297270993421053 -0.13125992681758847
-2.039129362999983 -4.781627417676104 3.1925876433100275
0.07655183711988034 -0.26392321362068927 -1.89716015176004
2.028921272726125 1.2929503504617457 0.3954501122338061
-3.793961751051409 -2.640376497725583 2.1305913675491617
1.031254606880836 -0.8966120802775057 2.385480769382695
0.12979190462790724 3.9737330189695186 3.4029718579653823
-4.953297136417105 3.9834084540487735 -2.5067605306597396
-4.926272799323536 -4.313659446151856 -0.9910148809935593
-4.931911870129692 2.0220194238346867 1.693885443399692
2.828169842108561 4.664922451329763 1.6496081146846175
-4.43527302177201 0.8227493672447239 2.5329105354630532
0.6590113277816201 -4.676014966059395 -3.1132654433706275
1.3463909665013918 -3.8283579807214863 0.4444971164160094
4.740050359529899 2.6303096926981295 4.719190312355936
-2.6285981797362656 1.3899808001512381 -2.942425405843625
-1.9722773379938219 4.598323761480392 3.262157941777868
2.9390346120659117 -4.5879887686984056 -1.062716667176431
-2.2485099350282667 -1.9956261742813886 1.3394900077243577
1.2662164065338577 3.8417576275500087 -1.1906887726914839
0.6206115235538934 -2.601204127726766 -2.9017156025558166
-1.6473777729637762 -2.1125302763620546 -0.49611516550994716
4.3766436477951 -4.230169574966145 3.9451241831074935
3.371466551992124 1.9946652726842817 -0.030221816145830083
-3.372074488917254 -3.0688054491957617 -1.2671801106643055
1.1951457727918169 4.355634667856492 -1.2333249232887655
1.437366209719766 1.8583171591385539 -2.2539814697474303
1.5982559379475125 4.103692805722076 -2.670143273363643
4.528837359273288 -3.483635268548577 1.0432175527452325
4.3711904599723495 3.5455139706033334 -4.333538840668676
3.7651028283066967 4.624717268338159 0.26493378358681596
4.173527483277468 -0.12000672078414709 -3.3216682225348815
4.16277019560888 3.418251387329727 0.12679307805389062
-2.8768880530510965 -3.1262223675126544 -4.516398805196573
-1.8883759703216163 2.328208649178616 2.4514595184140497
0.10096374808944875 0.43617453191153066 4.916787093417088
-2.324387791832434 1.5666426053798976 -4.294315583730279
-2.9422610316004416 -3.913303327635036 2.9064046084227657
1.7962390012158114 4.184371887281328 -3.3027512692511296
-1.9464545777291509 4.253746912541516 0.5031540160374726
-3.6671957275625355 -2.258868325375085 3.244473595334809
-2.2982454104448724 2.6968979050391484 -4.287977730376382
4.222069062043876 4.675447985627301 -0.051044947073162206
-1.0702491663281255 4.674374971119573 -1.8187609209576205
-2.8790193023958466 3.138804097668124 -4.004827740427677
-4.621430930799626 -1.143838826124226 2.423989572756633
1.3009542132186702 3.8709604569978584 0.09529203245560058
3.563971195051152 1.0482129622309255 -2.2211217563962182
-4.9129296848553246 0.9778688664956192 0.42662628856629636
1.6017803311498269 3.0164276753743957 2.2530983275792393
-0.13681407590808714 -0.6612614786583015 4.957765254767366
2.6370493438125853 4.5331868966912054 0.2872618326382548
0.4871690235203019 4.0959225780012005 1.751937607676961
2.0574890853027905 3.8324272373341417 -3.2819539434321476
4.66035633655647 -0.22624176693414766 4.120853412996109
-0.39443623892240876 2.3210932684494234 3.5759938742424957
3.6774906458750922 -3.047824854317309 -1.9153539782026252
-1.917733913696733 -0.6514758651242492 2.787252547843031
-1.6132485925521078 4.1374855861570925 -3.5832803178931516
-2.185286853326285 4.187646543105288 -3.409728354072805
2.454494821569082 -2.8812031430752194 1.2843741850789714
-4.328036867383009 -3.7257366566727113 4.967756040868167
-2.354063261015371 -1.9247488842711435 -1.6708922251203706
-0.7285184094182284 2.6313972251446094 4.514320332488109
-1.6730041526938177 -1.9702602401024971 0.516045790018782
4.9129286291913115 0.29590841098645404 3.2227750534167243
4.728585091050899 1.8536848061533084 -4.805785033351251
0.5161096469001425 4.387389987820772 -4.555485891064077
-3.227501109643487 4.291429276878052 -3.7286199620565985
2.17728552840029 4.107007375331937 1.8090307005541173
4.119168138700349 -2.182215381794137 -4.633375815116761
2.1454178899149667 1.3723231697707239 1.7580517791070638
3.1772051726534145 2.554344819867087 0.9433788437407009
3.3320278490700117 -0.388203582738742 4.632752341467244
1.7804922769216303 -4.150077929667209 1.839708198354284
-4.08649482894641 -0.14159349676726052 0.11910785015193381
2.275283659467622 -1.8301112573332134 0.703260270419519
1.0149065911155564 3.8554679289629434 3.4559853523640327
0.382291912163355 2.53669567988396 -2.213331393731086
0.31211733985337053 -4.035315699410386 -1.4564230760111063
4.504538408179448 0.56468743633036 3.7884028156962746
2.239414266571176 2.657721776742883 -2.8333147886913967
2.9694500541310997 -1.8189052766523028 3.7744766371030947
-3.1989745803619285 -0.663520536751192 -3.1792062805948706
-3.0549929273273957 4.222685039563516 0.5106810515582039
4.389949522061212 -3.188000530643249 -4.70026868543121
3.8583955682630044 -3.7629270797875347 -3.213350992561783
1.5155846851698462 -3.5284141504217637 -3.1849447773172868
4.631468045040926 1.786026309116977 0.20894392599693834
0.0035079241088675772 -3.89085638723768 1.561742106156967
-2.79530582980267 0.6995881273765736 -3.8060108244686863
-4.627661076659582 -1.1226815527576406 -3.7574905668486425
-4.589535640285003 -2.6268527957234555 -0.2569206842138505
4.728616162351605 -3.690782031533455 1.9324188397378794
4.564812649767235 -1.8927788261334744 3.1068247037222485
0.09302140392710934 3.4499497233073173 4.428313576745446
3.005137321935154 1.3695438147349592 -4.184574506966083
1.6324712247707462 -2.5419682079197936 2.5828699265768784
1.7940882645449996 1.349532369037565 -0.3540569843910424
1.3756829096413736 1.3626664468437033 -4.228231822704709
3.6002581428599356 1.0235718911105751 -3.5717482745779994
1.0269691279634308 -2.48465538609308 1.3884907664969326
-1.652376994650686 -2.843879754450067 -3.953983223623303
3.334827388943926 3.0537092765120355 3.054274121598568
-4.87958549038797 2.9564869708451047 -4.0079476597131425
-1.0705058498796394 2.3759749009049846 -2.8958834075001127
0.020437285039431874 -2.2666919947162523 -3.795693089921819
2.921369755146861 -2.123206119417236 2.867583381095724
2.0247426028208504 -2.250907137678413 -0.10658438811946169
-2.8664361791093307 0.9815309335557232 -1.7898762338970386
-4.255801625547912 3.921563202830751 4.315344211936978
-1.707814492492692 0.8930303756356639 -2.704891002024221
-4.373551923408541 -2.1251077795621742 3.7104839432267345
2.5417117330099526 -3.3845326736727066 -2.845978888533458
0.5098302077841588 -2.325457342120507 3.9401330689123992
3.6135750830057978 -1.3510055597371862 0.7349706591609317
4.854532722319322 -3.7038322551102243 -4.705412560673499
1.5600794615644609 4.706335477559951 3.9628812436489524
-4.310588777616617 -4.149379874217605 -4.17391888205289
-3.466820531238437 -2.8517031441677876 -3.2520112511819255
0.09443473147970893 3.342900850132291 -4.5465441216034685
-0.04872366409386819 -4.295140023749617 -0.17878282976058202
2.298810275938614 -1.6806166372289288 -0.49734519146137135
-0.8869370121421638 -4.9158011742107615 0.4572509268478231
-2.3445167652641508 -3.9732458348076882 1.0182747414256288
-2.607513976279896 3.817967505074613 -0.3011743501635955
-3.1555858685062588 -2.6855824313603582 -1.1516145457540894
1.9757067186732624 2.6476312606398755 1.7206476505122348
4.486692683133342 -2.2781037004911386 3.016369912321175
-4.92465312833448 3.7266601049250636 2.394913899586335
0.2729760335304876 -1.3961572575216352 -1.0610738470753356
-3.91472203954609 2.4178227921050555 3.444899907865846
-0.8173107412845781 -1.9385790941879177 -0.4159005727211751
3.9057932466691225 1.505477652778786 3.8423915541000064
1.5271650432166495 0.6782255512713431 -3.5472904729819787
0.07101918449960776 1.8220413209502362 -4.900280023137946
-1.7766749920451996 -2.47587196252542 -2.24398812003497
4.450012408059825 -0.50865319738568 -3.363864817889164
-3.389700119705472 0.35278026880709135 -4.3279556136503565
4.264435121306072 2.618892486579778 -4.398927533703874
2.454534111283444 2.707201787134943 -4.934249547273382
2.922645873381131 2.537530714374685 -1.6476018728565434
-1.6512718768032886 4.826138000442832 4.629795964340948
2.858124692616033 -4.904448697980213 -3.043975861297692
-3.4122179785228823 -4.10745853357877 1.3515288983320883
-1.7268670744184877 -4.121108170726053 -3.235495795400849
2.9614006756302547 -3.1119551198024564 -4.853297507584637
-4.250531044168482 4.24031494366419 -2.644301057505558
-3.1566268629096417 2.808737552725946 -3.0866481728151984
-0.15066916485178217 3.6369914643820733 2.9821794359237863
-3.242253969711366 -3.78056168759322 1.4767439198795729
-0.9696783225984817 0.9458665309345293 4.047827834809721
1.1226140106028493 4.661186395410464 -2.4345789372057958
-2.735084821393825 0.13228771839170816 -0.07994558927975737
1.637590338842152 0.8391586010820262 -1.1316664537296384
0.6202953756532215 -1.6025641834186355 -2.943246449594117
3.9545065508398025 3.628461423658551 3.1888913013533293
-3.8953518074662363 3.556007253593745 1.0140041947813305
1.785075586800251 2.9490447008182175 1.2749120892659227
-2.907350816243548 -3.5091010336388173 -4.639460917051236
-1.734240667238387 -3.3378357431925987 -4.217301099014303
-1.8383390528461785 -1.1326466129679513 -2.443665924938787
-1.2347766660250414 -1.8475825263651258 -2.831807102465258
-0.38035146219603577 3.373933544451544 -2.9320376137010773
1.794217001899323 3.4359303811646336 2.9916414178497286
3.6793229231888325 0.8921534029663669 -4.128957546012344
3.0632833342212518 2.879905782725851 1.4129014498368608
-2.2681830428088423 1.8005017183008554 -0.843285910923719
0.8784035686837721 4.911432274060099 4.172394876789303
-2.323806723522732 -2.601803303496637 -2.444432710572666
-4.906494028763648 0.26842209437564435 -2.274719767741933
3.8337136863178367 -4.97527163820271 0.5673699639838903
3.6597327309655725 -1.7631399542185155 -1.3057079073072497
4.166808011440136 0.6781377149509638 0.5987464852732449
-0.781077807498578 2.3065463843259715 -0.6929102851503521
3.7864198797634474 -1.1305809876188522 -4.316419872346168
-2.7512570662643077 -0.8882984441001951 1.7551147762668218
2.106541917913729 3.2246849478991724 -1.112620807757383
-1.9142198564133417 3.9636704698746983 -2.6975565335369334
4.464378569985792 2.2897892545498144 2.5930148861912916
-2.8139170304118633 4.721404375912592 1.0494271943279543
-0.8096515700461637 3.2547368239123498 2.3963761576914333
-3.8609034421867605 2.3646260657058993 -4.415136951259095
1.0867907555456235 -0.2181649987892076 -3.540914333963432
-4.353578911464712 -3.777417938210046 -1.6385777583241468
1.5134166926018744 2.783106824137991 -0.6727861646520705
-0.7638028005833708 1.6289695120780934 1.2797598774091656
-3.663055695190185 -1.408198061221928 -3.334496824941078
-2.779811278338462 -1.271049617731308 3.000479542824095
-0.586469307214097 2.9638832426865114 -3.5149936513170377
-1.0316747033608764 -4.750496089843212 -1.9098475169952778
-0.6696365417902395 -0.10043220279430942 -1.5530642329501898
-4.373318900560507 0.4347667242063391 0.45906909236794524
-3.358443775653255 -4.058463900060481 4.852771526919901
-1.3575235329645574 1.7794097053695435 -4.1229940636335405
0.5898060877921019 2.177591541941226 3.4503065094346774
-0.8668386650267967 0.07097266755433429 -3.345922519103244
-2.650149354328235 -0.6740111450001929 3.1809371894548755
4.314957045253644 3.455172662722379 0.3270313067049191
-3.9680215237616734 -3.303703398696065 -2.749364336011022
0.3269619992320205 3.9161304641239725 0.5847619608990162
-0.7984816971352826 0.7783168117007855 -0.8933930785377808
-3.8702083838592594 4.481183921359744 -0.5764691559731072
-2.2388675568990113 3.1054138808200515 1.0807383920841929
-3.8585409059742637 -2.61159451811263 3.5107600408810002
-4.429733853948861 -3.7350929198046545 4.484715295110031
2.806981901904426 -4.332871269419671 2.745397167884187
-3.991813889816711 0.10993762565822962 -1.5642526144156177
-1.9505398198745239 -3.242667666188188 1.3586100943907997
-1.6927828147622814 -4.304663056365509 -4.563481443142456
-3.4451338780169505 -4.180636144721824 0.5044290417205066
1.735456234258328 -2.07326958697865 4.57974548488981
-2.665002658893658 -1.6089372699799176 -4.519178414372924
1.2292537371208723 -2.4712266607857236 2.833602536970541
3.4036342756842752 -4.34158556420347 0.1851645264457491
-2.923262560255766 3.410722495896137 -0.2994220229563149
-1.319400140850071 3.925287435127447 -0.41123293694433904
-3.543920869652346 -2.4439953951265103 -4.907962798850356
-4.380114912446523 -1.7068310370942097 -1.2134513468517483
-0.4525646530315419 2.2522982078447695 2.043405145185906
2.8806194865577317 3.3961137151572185 -0.7891887960909383
-4.695289456438994 1.9300530731554577 2.899389847244953
1.0575078440158658 -1.3328742385099046 -2.683949481132737
-4.7301430988195765 2.227311752031431 -1.5349937633347221
-0.598007957446558 -3.6835002446717002 -0.27678231750471793
1.8119036743079486 -1.3566368268738138 3.3415843857125926
3.991818944900971 4.071534702098685 -1.6691561261723908
-2.0081186950488727 -4.9548720151256305 -0.8596537806740479
-2.7687283522569817 0.007781762727119279 3.3748906072618046
0.24576284045648933 1.8179964956161632 4.44213968455867
-0.9650156252262154 -1.4179530122661377 -0.9274741042228274
-4.539144969337299 1.7704591847568807 3.3757846847125283
-0.9617148509988094 0.43354419096162555 0.0704579693728058
0.5946582249373122 3.5043930443037796 2.877275492790925
1.45806993033059 1.9833396293175354 2.4304588589770315